MSE: 377473139.644056
RMSE: 19428.667984
MAE: 15339.023940
